100  0.9999999999999999  0.9988800325719502  0.9999999999999986  0.9808352055757203  0.7500316725418552  0.9648711886477523  0.9999999999999999  5.009863997007274e-16
 101  0.9937357345355446  0.9999999999999997  0.9999999999999919  0.9999999999999999  0.7500075081259041  0.9308227161607446  0.9999999999999999  1.871073057451737e-12
 102  0.9939791104279597  0.9999999999999999  0.9999999999999999  0.9999999999999999  0.7745228275278186  0.9999999999999999  0.9960139741592142  2.2748519013190105e-15
 103  0.9885753171011049  0.9999999999999999  0.9999999999999999  0.9999999999999999  0.7499999949609931  0.9999999999999999  0.9961894829126896  1.9747025757799135e-14
 104  0.9915446816101867  0.9999999999999998  0.9999999999999999  0.9999999999999999  0.7756109711499084  0.9999999999999999  0.990649375729107  7.1785814581198e-15
 105  0.9999999999999999  0.9999999999999999  0.9296690028028425  0.9999999999999999  0.75067567288469  0.9714614656479844  0.989294267361536  2.6664327383443274
 106  0.9999999999999999  0.9999999999999994  0.987966247580967  0.9999999999999993  0.7500477355432597  0.936751649859077  0.9999999999999999  3.272675601541591e-13
 107  0.9999999999999999  0.9755316909051489  0.9999999999999999  0.9999999999999998  0.7499976389437055  0.9744076165917682  0.9918304804570107  6.452206784237451e-15
 108  0.9999999999999999  0.9999999999999999  0.9999999999999999  0.9999999999999999  0.7500357197708647  0.9822435504572151  0.9913952204723487  1.825670543798305e-17
 109  0.9899845605667229  0.9999999999999993  0.9999999999999991  0.9999999999999999  0.7499999468274847  0.9999999999999999  0.9999999999999999  2.749634557436534e-13
 10  0.9985153112190721  0.9999999999999997  0.9999999999999925  0.9999999999999999  0.7498826941769938  0.9767629854620946  0.9999999999999999  4.279195262806867e-13
 110  0.9997995693184164  0.9999999999999997  0.9698325447164861  0.9999999999999999  0.7499892667190167  0.9358629623437524  0.9990245652914946  8.483526085142047e-16
 111  0.9914122975840073  0.9999999999999999  0.9999999999999999  0.9999999999999999  0.7499999573032583  0.9937378272172535  0.9999999999999999  1.0581396961539361e-14
 112  0.9999999999999999  0.9999999999999999  0.9999999999999993  0.981309087107746  0.749996357846965  0.9881675913446374  0.9961252788421948  2.651041910046305e-14
 113  0.9999999999999999  0.9999999999999996  0.9705888454822487  0.9999999999999999  0.7502212013337062  0.9858612032960272  0.9999999999999999  1.3223248366398504e-12
 114  0.9890154274825461  0.9999999999999999  0.9999999999999999  0.9999999999999999  0.7541772923008409  0.9999999999999999  0.9998710736184169  6.728386432109403e-14
 115  0.9999999999999999  0.9999999999999998  0.9999999999999998  0.9999999999999999  0.7539964148962403  0.9779541693370812  0.9998432233391287  6.279023405382048e-15
 116  0.9995570278681084  0.9999999999999999  0.9999999999999999  0.9999999999999999  0.7508207318377526  0.9420317815571226  0.9964044442859215  1.0993805240756859e-14
 117  0.9999999999999999  0.9999999999999999  0.9913318945833899  0.9999999999999999  0.743897833445283  0.9389524238398095  0.9999999999999999  40.43741406973245
 118  0.9999999999999999  0.9999999999999999  0.9999999999999978  0.9999999999999999  0.749993700185139  0.9706401439071058  0.9895217755688805  2.1809336302665773e-13
 119  0.9936595771395949  0.9999999999999997  0.9999999999999999  0.9999999999999999  0.7499999949492173  0.9999999999999928  0.9999999999999999  1.1695267604124009e-14
 11  0.9999999999999999  0.9999999999999994  0.9923096577877629  0.9999999999999997  0.7499951810496187  0.9693422675485179  0.9999999999999999  2.462925292134924e-13
 120  0.9999999999999999  0.9999999999999998  0.9999999999999999  0.9999999999999999  0.7500014240493972  0.9833116081331958  0.9935750179509695  9.960622524037676e-17
 121  0.987789956965715  0.9999999999999996  0.9999999999999992  0.9999999999999998  0.7499184800095492  0.9999999999999998  0.9999999999999999  4.134625010490516e-14
 122  0.9951376419690255  0.9999999999999999  0.9999999999999998  0.9999999999999999  0.7633923273193538  0.9999999999999999  0.9899684281227534  3.702564710327531e-14
 123  0.9999999999999999  0.9999999999999999  0.9999999999999998  0.9999999999999999  0.749858280124485  0.9737454165027529  0.9937224693499589  1.1966775025952291e-15
 124  0.9932859429468738  0.9999999999999999  0.9999999999999996  0.9999999999999999  0.7500000782329401  0.9999999999999999  0.993227305386894  1.3614439678258394e-14
 125  0.9884734143965955  0.9999999999999999  0.9999999999999999  0.9999999999999999  0.7500138937455547  0.9999999999999999  0.9987858950074431  2.089639343810852e-14
 126  0.9999999999999998  0.9999999999999998  0.9999999999999892  0.9999999999999999  0.7392069806951811  0.9306825216359483  0.9999999999999999  268.3903559327828
 127  0.9999999999999999  0.9999999999999997  0.9609541903298882  0.9999999999999999  0.7500252944457456  0.906045522901445  0.9999999999999999  26.86034563673694
 128  0.9999999999999999  0.9999999999999999  0.9608838615212665  0.9999999999999999  0.7498873498277917  0.9295397873995745  0.9961797134399734  68.08025439694669
 129  0.9997234706515563  0.9237928192749136  0.9999999999999999  0.9999999999999999  0.7500072144727663  0.9999999999999999  0.9908297013999927  8.776897742735361e-16
 12  0.9999999999999999  0.9999999999999999  0.5000000000000011  0.9999999999999999  0.7500171265095855  0.9999999999999997  0.9998037430879643  31.416418020523444
 130  0.9968977382335406  0.9999999999999999  0.9390928958084156  0.9999999999999999  0.7520745722135747  0.9502796648699555  0.9999999999999999  2.1809754575870875e-14
 131  0.9906035766346478  0.9999999999999999  0.9999999999999956  0.9999999999999999  0.7582304737986376  0.9999999999999999  0.9916421839656795  9.59084189802018e-15
 132  0.9999999999999999  0.9999999999999999  0.9999999999999998  0.9999999999999999  0.7500010992366011  0.91618940584543  0.9999999999999999  6.58327237426797e-15
 133  0.9999999999999999  0.9999999999999999  0.9999999999999999  0.9999999999999999  0.7500014129506866  0.9570296742999315  0.9997668548300944  4.749604017379977e-15
 134  0.9999999999999996  0.9999999999999999  0.9259662477524085  0.9999999999999999  0.7499746532354259  0.9197475979223854  0.9999999999999999  2.5139810777368534e-12
 135  0.9926521061210265  0.9999999999999999  0.9995101777678834  0.9999999999999999  0.743727320570718  0.9999999999999991  0.988820422987034  4.082353103573735e-15
 136  0.9891031589476287  0.9999999999999999  0.9999999999999999  0.9999999999999999  0.7500679374197252  0.9999999999999999  0.9999999999999999  1.4862915344650877e-13
 137  0.9896250814876304  0.9999999999999998  0.9999999999999999  0.9999999999999999  0.7500051440050467  0.9999999999999999  0.992942037079672  3.6199596652803525e-14
 138  0.9999999999999999  0.9999999999999999  0.9593290967879311  0.9999999999999999  0.7500003975922921  0.9797277972836952  0.9878398819163839  3.701007980407039e-14
 139  0.9948519394451634  0.9999999999999992  0.9999999999999991  0.9999999999999999  0.7500337576648317  0.9374555304577138  0.9999999999999999  5.3775483021230586e-14
 13  0.9922397038661801  0.9999999999999996  0.9999999999999999  0.9999999999999998  0.7500937936360146  0.998861782384573  0.9999999999999999  4.964053180217604e-16
 140  0.9881074854133413  0.9999999999999998  0.9999999999999997  0.9999999999999999  0.7499940124308819  0.9999999999999999  0.9999999999999999  1.6951713360462188e-14
 141  0.9999999999999997  0.9999999999999999  0.9999999999999962  0.9999999999999999  0.7500180931627963  0.9203823131638276  0.9999999999999999  37.715772731970446
 142  0.985423432962216  0.9999999999999996  0.9999999999999971  0.9999999999999999  0.7500488150721026  0.9999999999999992  0.9999999999999999  26.11567429115322
 143  0.9999999999999998  0.9999999999999999  0.9543962096069019  0.9999999999999999  0.7500124399755013  0.9256961610132589  0.9999999999999999  29.353899570246597
 144  0.9999999999999999  0.9999999999999999  0.9082538176578243  0.9999999999999999  0.750000235527907  0.942373063043019  0.9938082937103674  26.53361556018197
 145  0.9999999999999999  0.9999999999999999  0.9999999999999987  0.9999999999999999  0.7492304557158772  0.9999999999999999  0.9944022733373332  23.483845368105648
 146  0.9999999999999987  0.9999999999999998  0.9999999999999998  0.9999999999999999  0.7311576181021526  0.9682663561045153  0.9882433850491024  1.042886238386663e-14
 147  0.9999999999999999  0.9999999999999999  0.9755025667593653  0.9999999999999999  0.7761532261599395  0.9688862187919903  0.9999999999999999  5.539072247098138e-12
 148  0.9945044769635992  0.9999999999999999  0.9999999999999999  0.9999999999999999  0.7499965456250515  0.9999999999999999  0.9952117985617331  4.593725120070115e-15
 149  0.9959268676339631  0.9999999999999998  0.9999999999999998  0.9999999999999999  0.7509586286681363  0.9927125500920595  0.9892127302366636  2.4839460991160587e-14
 14  0.9957419949567097  0.9999999999999999  0.9999999999999999  0.9999999999999999  0.7511197346836981  0.9999999999999999  0.9923515561840004  1.738868175303638e-14
 150  0.9898204110021664  0.9999999999999998  0.9999999999999981  0.9999999999999999  0.7358046595439262  0.9836416550013481  0.9998944332244658  3.331897271265963e-15
 151  0.9934316622903929  0.9999999999999999  0.9999999999999999  0.9999999999999999  0.7500169811228864  0.9999999999999999  0.9958865642770451  1.9156407112749355e-29
 152  0.9889516549935754  0.9999999999999997  0.9999999999999878  0.9999999999999999  0.7499897118835014  0.9999999999999993  0.9999999999999999  1.724145024171018e-13
 153  0.9964749708590513  0.9999999999999994  0.9999999999999986  0.9999999999999999  0.7500165602976868  0.9372071599692406  0.9999999999999999  5.79705724765697e-13
 154  0.9965151550573104  0.9999999999999996  0.9999999999999998  0.9999999999999999  0.7500069567619648  0.9364066064112567  0.9999999999999999  3.2445555851209313e-13
 155  0.9999999999999999  0.9999999999999999  0.9721706753207648  0.9999999999999999  0.7464712127628089  0.9571347048663581  0.9947482791354695  1.530227551631013e-14
 156  0.997160695751013  0.9999999999999993  0.9999999999999969  0.9999999999999997  0.7500868963919501  0.9389340856155237  0.9999999999999999  58.61937639243207
 157  0.9886758331547202  0.9999999999999997  0.9999999999999999  0.9999999999999998  0.7499994965592297  0.9999999999999999  0.9999999999999999  1.3886420563955235e-13
 158  0.9951328531806413  0.9999999999999999  0.9999999999999999  0.9999999999999999  0.7499996111615693  0.9999999999999999  0.984035785407941  1.2318719644537329e-14
 159  0.990229266620486  0.9999999999999999  0.7220790909543942  0.9999999999999999  0.759948246398405  0.9999999999999999  0.9927589765429913  1.2762094308665226e-14
 15  0.9999999999999999  0.9999999999999999  0.9756690001431327  0.9999999999999999  0.7499924558016393  0.9430513517445046  0.9999999999999998  33.36695392170707
 160  0.9892935830409454  0.9999999999999993  0.9999999999999994  0.9999999999999999  0.7500344161883079  0.9999999999999993  0.9999999999999999  2.892953321703984e-14
 161  0.9999999999999999  0.9999999999999998  0.9017928220305068  0.9999999999999999  0.7500073942048753  0.9322597076520484  0.9950541887167809  13.959813818214991
 162  0.9962568809103624  0.9999999999999999  0.9999999999999999  0.9999999999999999  0.7499994619996286  0.9716434737389784  0.9898383976148402  2.283300933417404e-14
 163  0.9938050241851097  0.9999999999999999  0.9999999999999997  0.9999999999999999  0.744724233849262  0.9744639054970328  0.9939231466794903  1.1417436174854558e-14
 164  0.9977488831940046  0.9999999999999997  0.9999999999999979  0.9999999999999999  0.7626272660244554  0.9720702260118167  0.992688895188934  9.59862836234267e-16
 165  0.9904164531319971  0.9999999999999999  0.9999999999999998  0.9999999999999999  0.7440431869221791  0.9497584376191976  0.9999999999999999  1.2333054079680445e-15
 166  0.9999999999999999  0.9999999999999997  0.9963352651858829  0.9999999999999999  0.7615153861323528  0.9786242835286109  0.9849340480781198  18.16382467255998
 167  0.9905354230025937  0.9999999999999999  0.9999999999999998  0.9999999999999999  0.7516880102249146  0.9999999999999988  0.9935802007870901  1.2126703309726109e-14
 168  0.9999999999999998  0.9999999999999999  0.9448840591551546  0.9999999999999999  0.7499960044055023  0.9505760832416988  0.994599594115632  6.787261635310273e-12
 169  0.9890304205263826  0.9999999999999992  0.9999999999999998  0.9999999999999999  0.7475037058842682  0.9804223095228162  0.9999999999999999  9.069388140151323e-15
 16  0.9999999999999999  0.9999999999999996  0.9999999999999987  0.9999999999999999  0.7500002835849655  0.9678678174182458  0.9999999999999999  2.2793578944321704e-14
 170  0.9959775357696999  0.9999999999999999  0.9999999999999999  0.9999999999999999  0.7499999130509306  0.9729398362269763  0.9963424952856546  1.780549925719652e-14
 171  0.9999999999999999  0.9999999999999998  0.8020534892315075  0.9999999999999999  0.75625778009769  0.8997957863976301  0.9999999999999999  9.217993506726928e-15
 172  0.9878139993630778  0.9999999999999999  0.9999999999999998  0.9999999999999999  0.7485514673731748  0.9999999999999999  0.9991459802795705  5.707314568110082e-15
 173  0.9943563417204934  0.9999999999999999  0.9999999999999999  0.9999999999999999  0.7239110379289297  0.9999999999999999  0.9869620601710181  1.0010315723494477e-16
 174  0.9999999999999993  0.9999999999999998  0.9999999999999845  0.9999999999999999  0.7500796784351966  0.9108650097121087  0.9991838650429261  2.8262865928447437e-13
 175  0.9906589685381576  0.9999999999999999  0.9999999999999999  0.9999999999999999  0.7499998257981619  0.9999999999999999  0.995124726062035  2.1001308563532147e-15
 176  0.9987975485277019  0.9999999999999999  0.9999999999999928  0.9999999999999999  0.7501001033492682  0.8840126742800366  0.9999999999999999  14.341711114168707
 177  0.9948561135564674  0.9999999999999998  0.9999999999999962  0.9999999999999999  0.7499419724419886  0.9254049635822199  0.9999999999999999  40.9949036398169
 178  0.9999999999999999  0.9999999999999999  0.9999999999999997  0.9999999999999999  0.7545712174716653  0.9346575368909322  0.9931462443477757  3.3002848634768214e-14
 179  0.9932930806393775  0.9999999999999998  0.9999999999999999  0.9999999999999999  0.7499988244628176  0.9999999999999996  0.9882991721187517  1.2756351022437703e-14
 17  0.9999999999999999  0.9999999999999999  0.9129350714760998  0.9999999999999999  0.7498313717159232  0.949987944873715  0.9999999999999999  3.6326775818362615
 180  0.9922402986335408  0.9999999999999996  0.9999999999999998  0.9999999999999999  0.7500525137322153  0.9999999999999998  0.9999999999999999  2.3193824770199857e-14
 181  0.994175251665255  0.994618982800795  0.9999999999999999  0.9999999999999999  0.7500006349446375  0.9999999999999999  0.9904951795638144  1.2232535788706899e-17
 182  0.9966381100193886  0.9999999999999999  0.9999999999999969  0.9999999999999999  0.7500382121523036  0.8970116057886535  0.9999999999999999  10.013779499566853
 183  0.9999999999999999  0.9999999999999999  0.9999999999999784  0.9999999999999999  0.7506248027164985  0.87628634848322  0.9999999999999999  61.17424042964846
 184  0.9879869576610375  0.9999999999999998  0.9999999999999996  0.9999999999999999  0.7500214766120832  0.9999999999999999  0.9999999999999999  1.5600116407679798e-13
 185  0.9999999999999999  0.9999999999999998  0.9999999999999983  0.9999999999999999  0.7501448348710738  0.9666527765385627  0.9922986800397762  2.1183106087389847e-14
 186  0.9892457935234173  0.9999999999999994  0.9999999999999976  0.9999999999999999  0.7499999837773406  0.9999999999999984  0.9999999999999999  1.9662402059414437e-13
 187  0.9870569655977703  0.9999999999999994  0.9999999999999999  0.9999999999999999  0.7846272575250135  0.9999999999999999  0.9999999999999999  1.0711565878782734e-14
 188  0.9999999999999998  0.9999999999999999  0.8024066011249461  0.9999999999999999  0.7499976402177039  0.9434691625070109  0.996649461114645  6.399769971355324
 189  0.9862896351579563  0.9999999999999999  0.9999999999999992  0.9999999999999999  0.7500000014328042  0.9999999999999999  0.9999999999999999  2.4283118306689946e-14
 18  0.994392475791797  0.9999999999999999  0.9999999999999999  0.9999999999999999  0.7497428042758163  0.9999999999999999  0.9942025139929657  2.437320293189243e-14
 190  0.9999999999999999  0.9999999999999999  0.9999999999999999  0.9999999999999999  0.5175618168997564  0.9477217453700613  0.9909840601198417  1.0705108649176456e-14
 191  0.9888762029065177  0.9999999999999998  0.9999999999999997  0.9999999999999999  0.7641814632656397  0.9999999999999998  0.9949791931480462  2.2025064467704644e-14
 192  0.9892694692586341  0.9999999999999996  0.999999999999999  0.9999999999999999  0.7500904204177236  0.9999999999999999  0.9999999999999999  1.3386715238828524e-14
 193  0.9999999999999999  0.9999999999999998  0.9952945477688524  0.9999999999999999  0.729378931840293  0.953331314227272  0.9898018478461014  4.12941653988182e-15
 194  0.9943877842589158  0.9999999999999991  0.9268557754886777  0.9999999999999998  0.7500334789344757  0.9458749338077505  0.9999999999999999  1.9651468665014282e-13
 195  0.9949195638847885  0.9498149753506766  0.9999999999999999  0.9999999999999998  0.7499997087032845  0.9999999999999998  0.9999999999999999  8.714683968639858e-14
 196  0.9913670581592543  0.9999999999999996  0.9999999999999998  0.9999999999999999  0.7459875745392119  0.9999999999999999  0.9897648313381705  6.1127961269298135e-15
 197  0.9999999999999998  0.9999999999999998  0.9999999999999999  0.9999999999999999  0.7668729120871809  0.9502913645886385  0.9999999999999999  19.518396282215885
 198  0.9999999999999996  0.9999999999999994  0.9999999999999932  0.9999999999999999  0.7499998639294092  0.9589808243873426  0.9999999999999999  13.76155840908577
 199  0.9999999999999998  0.9999999999999999  0.9025410390788295  0.9999999999999999  0.7489638909166675  0.9326954527991033  0.9956106979775908  6.127863388857649e-13
 19  0.9999999999999999  0.9393613660091885  0.7804078969567658  0.9999999999999992  0.7496051253722941  0.9999999999999999  0.9999999999999999  1.5120393630582906e-15
 1  0.9954281972769164  0.9999999951508242  0.9999999196823262  0.9999999988028937  0.7499997904675139  0.9999999729380682  0.9959271623163994  4.296966867280952e-6
 200  0.9885919684516221  0.9999999999999998  0.9999999999999998  0.9999999999999999  0.7562658264209325  0.9999999999999999  0.9945665030564593  2.92775085187463e-15
 201  0.9942965976850704  0.9999999999999994  0.9999999999999982  0.9999999999999999  0.7499995086107252  0.9495065359473087  0.9999999999999999  23.144407199858964
 202  0.9968641563762026  0.9999999999999999  0.9999999999999999  0.9999999999999999  0.7501475879983699  0.9999999999999999  0.9998416070499092  8.897505444418058e-15
 203  0.9989429199258082  0.9999999999999999  0.9999999999999999  0.9999999999999999  0.750001817078293  0.9999999999999999  0.9815921434503739  1.0238734381167713e-14
 204  0.9999999999999999  0.9999999999999999  0.9999999999999996  0.9999999999999999  0.7500023417692301  0.9456185559298342  0.9931460615278831  2.9258028962337295e-14
 205  0.9999999999999999  0.9999999999999999  0.9999999999999999  0.9999999999999999  0.7208662351013225  0.9590965797290736  0.9999999999999999  6.585498516299532e-14
 206  0.998036427026951  0.9999999999999999  0.9999999999999994  0.9999999999999999  0.7500389691046155  0.9719958245100175  0.9923337007522354  1.23567172459754e-13
 207  0.9920160433576093  0.9999999999999999  0.9999999999999957  0.9999999999999999  0.749982554982883  0.9999999999999998  0.9916718369981872  1.0644072454703405e-14
 208  0.9999999999999999  0.9999999999999999  0.9999999999999997  0.9999999999999999  0.7464608693510619  0.951127609834663  0.9906800461059334  2.3212488896234388e-14
 209  0.9873789695693794  0.999999999999998  0.9556306895447277  0.9999999999999997  0.7499999348593206  0.9999999999999994  0.9999999999999999  1.7618664809492514e-13
 20  0.9999999999999999  0.9999999999999999  0.9995732273057861  0.9999999999999999  0.7495874387443298  0.9999999999999999  0.9997717980011255  41.76860759677929
 210  0.9913569523532156  0.9999999999999999  0.9999999999999999  0.9999999999999999  0.7459564318036686  0.9999999999999999  0.9887840494807602  3.9247026403591036e-14
 211  0.9999999999999999  0.9999999999999998  0.9999999999999907  0.9999999999999999  0.75000033991888  0.9025080442423726  0.9999999999999999  20.703828787991036
 212  0.9999999999999993  0.9999999999999999  0.9463608053013485  0.9999999999999999  0.740735196349946  0.8665359754563946  0.9999999999999999  1.7765142817270614e-13
 213  0.99189292641362  0.9999999999999999  0.802508010661008  0.9999999999999999  0.7499019763667424  0.9999999999999998  0.9999999999999999  3.101069645577778
 214  0.9989212093331449  0.9999999999999993  0.9999999999999782  0.9999999999999999  0.740096139950134  0.9201891653435015  0.9977244267463284  3.784529794555985e-14
 215  0.9936902059377815  0.9999999999999986  0.9616666124226243  0.9837385749800653  0.7499992541153055  0.9999999999999998  0.9999999999999999  1.227194628223623e-15
 216  0.9939786035193553  0.9999999999999997  0.9999999999999999  0.9999999999999999  0.7499999454754893  0.9999999999999999  0.9999999999999999  4.574446404775642e-17
 217  0.9930605728422987  0.9999999999999998  0.9999999999999999  0.9999999999999999  0.7501489003362511  0.9999999999999999  0.9923344999974409  8.14503848616325e-15
 218  0.9889629326344673  0.9999999999999999  0.9999999999999999  0.9999999999999999  0.7491300013480686  0.9999999999999999  0.9895930683028209  4.1871225033760305e-17
 219  0.9881582973007483  0.9999999999999996  0.9999999999999998  0.9999999999999999  0.7387278554698483  0.9999999999999997  0.9943630652766117  5.143687156178952e-15
 21  0.9999999999999999  0.9999999999999999  0.655264660490959  0.9999999999999999  0.7500612929028637  0.9987732331746494  0.9999999999999999  3.1000352691765016
 220  0.9999999999999987  0.9999999999999999  0.999999999999993  0.9999999999999999  0.7500506230145747  0.9002566089272193  0.9999999999999999  40.70972908072896
 221  0.9882729009946709  0.9999999999999998  0.9999999999999998  0.9999999999999999  0.7500080678657844  0.9981967239860581  0.9999999999999999  1.3355587637825704e-13
 222  0.9999999999999999  0.9999999999999999  0.9578129680714642  0.9999999999999999  0.7421066708781806  0.9240252851564873  0.9950872294700988  44.27975637830715
 223  0.9975452661859235  0.9999999999999998  0.9999999999999978  0.9999999999999999  0.7367370528442637  0.9769370104398865  0.9999999999999999  26.975193826310104
 224  0.998916333633632  0.9999999999999999  0.9637070615684312  0.9999999999999999  0.7677083504728933  0.898027632367906  0.9999999999999999  1.394381241625103e-15
 225  0.9941475603758666  0.9999999999999998  0.9999999999999999  0.9999999999999999  0.750503482327464  0.9999999999999999  0.985509120449586  3.489148551616909e-14
 226  0.9999999999999993  0.9999999999999991  0.9999999999999949  0.9999999999999999  0.7500761940027446  0.9431908100673492  0.9999999999999999  25.216349022920518
 227  0.9893651367688472  0.9999999999999994  0.9999999999999963  0.9999999999999999  0.7495831608056139  0.9999999999999918  0.9999999999999999  11.888732366225803
 228  0.9916779119647392  0.9999999999999998  0.9999999999999999  0.9999999999999999  0.751860889345815  0.9848977750333789  0.9924042632438141  7.097877690313625e-15
 229  0.9999999999999999  0.9999999999999999  0.9772704588423505  0.9999999999999999  0.7500005970652562  0.965348966762591  0.9935252783217206  1.0419473324184784e-14
 22  0.9914064626698165  0.999999999999999  0.999999999999999  0.9999999999999997  0.7499189187577661  0.9999999999999998  0.9999999999999999  1.0906115240237697e-13
 230  0.9963682182079547  0.9999999999999999  0.9999999999999998  0.9999999999999999  0.7748291446848589  0.9999999999999999  0.9824192097884513  1.610206877560463e-14
 231  0.9999999999999998  0.9999999999999998  0.9999999999999998  0.9999999999999999  0.7689314711038552  0.9771490221596094  0.9885281497134937  8.002043729970078e-14
 232  0.9867873379413673  0.9999999999999998  0.9812764781354967  0.9999999999999999  0.7501096119383402  0.9999999999999992  0.9999999999999999  37.5522243142282
 233  0.997707311584286  0.9999999999999999  0.9999999999999994  0.9999999999999999  0.7414151042866556  0.9327898113722943  0.9911325778735143  2.4886521096978764e-14
 234  0.9939720780474289  0.9999999999999999  0.9999999999999999  0.9999999999999999  0.7499950382371097  0.9999999999999999  0.9923631713769548  1.235386247284011e-14
 235  0.9947060507220363  0.9999999999999999  0.9999999999999997  0.9999999999999999  0.7499998549916459  0.9999999999999999  0.9927504638939164  2.0850526153015603e-14
 236  0.9999999999999994  0.9999999999999994  0.9999999999999993  0.9999999999999996  0.749980192239038  0.9472345474083776  0.9999999999999999  9.2737328623106e-14
 237  0.9999999999999998  0.9999999999999997  0.9999999999999998  0.9999999999999999  0.7499946791184368  0.9671977712064377  0.9999999999999999  2.7316300269665216e-14
 238  0.9971945363199982  0.9999999999999999  0.9999999999999989  0.9999999999999999  0.7357458010627181  0.9102736749158196  0.9991273434459899  2.6529388461623452e-14
 239  0.9999999999999994  0.9999999999999992  0.9999999999999942  0.9999999999999999  0.7499905008488247  0.9585788612235475  0.9999999999999999  1.958934456862509
 23  0.9907830111078675  0.9999999999999999  0.9999999999999999  0.9999999999999999  0.7673079380191896  0.9999999999999999  0.9981215870439488  5.066308508050139e-15
 240  0.9898861754577917  0.9999999999999999  0.9999999999999999  0.9999999999999999  0.7499997571113269  0.9999999999999999  0.9891205321825799  7.209157238587884e-15
 241  0.9999999999999999  0.9999999999999999  0.9744209452566214  0.9999999999999999  0.7499682946635733  0.9984611502937109  0.978068911751514  1.6265017535326172e-12
 242  0.9999999999999992  0.9999999999999993  0.9999999999999762  0.9999999999999999  0.7499034388088794  0.9560574186139864  0.9999999999999999  37.55394228648977
 243  0.98624843223047  0.9999999999999994  0.9999999999999991  0.9999999999999998  0.7500700414258953  0.9999999999999996  0.9999999999999999  1.7871446413739002e-13
 244  0.9914605602170616  0.9999999999999996  0.9999999999999974  0.9999999999999999  0.7500187141949701  0.9999999999999988  0.9999999999999999  3.71871642318874e-13
 245  0.9929301302368513  0.9999999999999996  0.9637199279848312  0.9999999999999999  0.749999980431545  0.9999999999999993  0.9999999999999999  1.8191415630593413e-13
 246  0.9999999999999997  0.9999999999999999  0.9745344002780458  0.9999999999999999  0.7499961195600018  0.9783793188282137  0.9893626829946439  2.799138446132987e-16
 247  0.9999999999999999  0.9999999999999999  0.9999999999998928  0.9999999999999999  0.7499322367250361  0.9089072613952144  0.9999999999999999  76.42338359662499
 248  0.9999999999999999  0.9999999999999999  0.9906105663960696  0.9999999999999999  0.7500337105554167  0.9377259756723714  0.997019991253068  10.682177519702071
 249  0.9899058758364652  0.9999999999999994  0.9999999999999994  0.9999999999999999  0.7501105227737885  0.9999999999999998  0.9999999999999999  6.150360866881173e-14
 24  0.9979388194668264  0.9999999999999999  0.9999999999999982  0.9999999999999999  0.750034704204067  0.9610207385230799  0.9969051222098569  3.000367507403274e-14
 250  0.9906865280020618  0.9999999999999992  0.9999999999999971  0.9999999999999998  0.7499904620848401  0.9484923027527578  0.9999999999999999  7.752976057145911e-13
 251  0.9972400134688875  0.9999999999999996  0.922385199586364  0.9999999999999999  0.7284351495669863  0.9625171010860428  0.9936794417428374  3.317587156608872e-13
 252  0.9867763261765045  0.9999999999999999  0.9999999999999998  0.9999999999999999  0.7501797788538853  0.9798104320783492  0.9999999999999999  51.23723184152747
 253  0.9901415984828499  0.9999999999999999  0.9999999999999988  0.9999999999999999  0.7499999993768014  0.999999999999999  0.9963874412142402  3.6426593521877014e-15
 254  0.985767740028607  0.9999999999999998  0.9999999999999989  0.9999999999999999  0.7498528675189062  0.9999999999999999  0.9999999999999999  1.5216407179565202e-15
 255  0.9999999999999999  0.9999999999999999  0.8439681243574906  0.9999999999999999  0.7406793922418867  0.915819713311656  0.9981391139762483  32.48570728049354
 256  0.991323265397079  0.9999999999999999  0.9840166749532293  0.9999999999999999  0.7499904855525266  0.9999999999999999  0.9966253243382858  6.651163507668145e-14
 257  0.9867709068850312  0.9999999999999999  0.9749853239820289  0.9999999999999999  0.7527347006446543  0.9999999999999999  0.997202848359393  1.377110010834527e-14
 258  0.9891256348619752  0.9999999999999997  0.9999999999999999  0.9999999999999999  0.7806533600269702  0.9999999999999998  0.9942375216194017  2.001825958686079e-14
 259  0.9999999999999998  0.9999999999999997  0.9892494423868177  0.9999999999999999  0.7758632444200209  0.9708378850566839  0.9999999999999999  6.365247281627945
 25  0.9999999999999999  0.9999999999999999  0.9919813598698561  0.9999999999999999  0.7522272706714491  0.9879006362218511  0.9883797718114544  4.315063732999794e-17
 260  0.9999999999999997  0.9999999999999998  0.995840147301072  0.9999999999999999  0.7499997792184606  0.935822426556013  0.9999999999999997  3.579930346742904e-15
 261  0.9975387179880969  0.9999999999999999  0.881255710101634  0.9999999999999999  0.7651454963753288  0.9084502602220769  0.9966814641803388  8.48226347203311e-14
 262  0.996807018961858  0.9231432352827509  0.9999999999999999  0.9999999999999999  0.7419873578666033  0.9999999999999999  0.9970566238272665  6.31191572496493e-20
 263  0.989481307592537  0.9999999999999999  0.9999999999999997  0.9999999999999999  0.7722965979176886  0.9626890166930487  0.9990181129654873  7.205409554197416e-17
 264  0.9930684123033746  0.982884023496722  0.9999999999999999  0.9999999999999999  0.7041414464485337  0.9999999999999999  0.9904005637380039  1.1665250127895377e-14
 265  0.9904855819756757  0.9999999999999998  0.9999999999999969  0.9999999999999997  0.7500211901002661  0.9790040815980107  0.9999999999999999  9.605622777461113e-12
 266  0.9890037049641066  0.9999999999999999  0.9999999999999987  0.9999999999999999  0.7500016042721367  0.9999999999999983  0.997061747847627  2.2047428957166024e-14
 267  0.9999999999999999  0.9999999999999999  0.9999999999999994  0.9999999999999999  0.7531752765028576  0.9098892196494279  0.9976439820131697  2.3886467625954896e-16
 268  0.9892852282009144  0.9999999999999999  0.9999999999999998  0.9999999999999999  0.7448331354210146  0.9884189249612955  0.9916537645969785  5.396445636233533e-14
 269  0.9940443473146728  0.9999999999999999  0.9999999999999996  0.9999999999999999  0.7500000468065834  0.9999999999999994  0.9877465732353443  1.693648557135815e-14
 26  0.9952605557459784  0.9999999999999999  0.9999999999999997  0.9999999999999999  0.7500621971660555  0.9999999999999999  0.9963795752266864  5.658357466713852e-14
 270  0.9936620072058654  0.9999999999999997  0.9999999999999999  0.9999999999999999  0.7500174002366808  0.9479507302422137  0.9999999999999999  2.5887326581443362e-12
 271  0.9972992015876939  0.9999999999999999  0.9999999999999996  0.9999999999999999  0.765054514370288  0.9333319539417018  0.9959505706704443  6.168775389438508e-14
 272  0.9999999999999999  0.9999999999999999  0.9999999999999989  0.9999999999999999  0.7671244910993169  0.9309218828828943  0.995323574849227  3.801540002267256e-15
 273  0.9999999999999999  0.9999999999999998  0.9999999999999909  0.9999999999999999  0.7499869557349842  0.8902313793496166  0.9999999999999999  92.2459056405072
 274  0.9880633624528787  0.9999999999999999  0.9999999999999998  0.9999999999999999  0.7551316752398585  0.9999999999999999  0.9943684904910128  2.638010365534945e-19
 275  0.9999999999999999  0.9999999999999999  0.999999999999998  0.9999999999999999  0.7599271591463409  0.9186436196274463  0.9999999999999999  41.60560753210135
 276  0.9864989232256419  0.9999999999999994  0.9999999999999997  0.9999999999999997  0.7500001650971863  0.9999999999999999  0.9999999999999999  1.1453564925994512e-13
 277  0.9999999999999999  0.9999999999999998  0.9457194726277549  0.9999999999999999  0.8193942825438625  0.920671915340972  0.9999999999999999  1.0467171028724432e-13
 278  0.9870946263363337  0.9999999999999997  0.9999999999999998  0.9999999999999998  0.7499833827236052  0.9999999999999999  0.9999999999999999  1.8908524018268986e-13
 279  0.9939911685130303  0.9999999999999999  0.6645399339361083  0.9999999999999999  0.7500054943379864  0.945979976950804  0.9963518950084973  2.0929602790714192e-13
 27  0.9999999999999996  0.9999999999999999  0.9397187462917133  0.9999999999999999  0.7500208872061789  0.9229059439284553  0.9999999999999999  1.611739901770041e-12
 280  0.9914266151855698  0.9999999999999999  0.9999999999999999  0.9999999999999999  0.742560068408763  0.9999999999999999  0.9871283354595274  3.830579731012493e-14
 281  0.9999999999999999  0.9999999999999999  0.9524509901608416  0.9999999999999999  0.7356418868173885  0.9779149453671352  0.9944811276775637  1.8188462505283252e-14
 282  0.9948693846181099  0.9999999999999999  0.9887740623979744  0.9999999999999999  0.7500354427359988  0.9999999999999999  0.9999999999999999  4.248934757261768e-14
 283  0.9783455416755573  0.9999999999999998  0.9999999999999973  0.9999999999999999  0.74991010630193  0.9913682294740006  0.9999999999999999  117.03666325000584
 284  0.9966455609714221  0.9999999999999999  0.9762423842399545  0.9999999999999999  0.750000440364433  0.9999999999999999  0.9870000027886174  2.198699970434652e-14
 285  0.9892886103483189  0.9999999999999999  0.9999999999999994  0.9999999999999999  0.7499999590756135  0.9999999999999984  0.9999999999999999  7.724048830836155e-14
 286  0.9939997463760547  0.9999999999999993  0.9999999999999987  0.9999999999999999  0.7499969749628369  0.919974161278802  0.9999999999999999  3.808475381037797e-13
 287  0.9999999999999999  0.9999999999999999  0.9594876121902541  0.9999999999999998  0.7434973654702065  0.919820539208328  0.9999999999999999  2.9610624901431524e-13
 288  0.9999999999999999  0.9999999999999997  0.9999999999999999  0.9999999999999999  0.7499809022537544  0.9819331172251833  0.9887514252954528  8.662244212463339e-15
 289  0.9999999999999999  0.9999999999999953  0.9999999999999959  0.9371708925276012  0.7499793952051536  0.9998138848551089  0.9999999999999999  1.5346732864107e-13
 28  0.9919649228739024  0.9999999999999998  0.9999999999999998  0.9999999999999999  0.7499997231208712  0.9999999999999998  0.9999999999999999  2.423061193013471e-14
 290  0.99408730561236  0.9999999999999999  0.999999999999979  0.9999999999999999  0.7499860603675917  0.8937067686897614  0.9999999999999999  1.9743129701142973e-13
 291  0.9903397880614678  0.9999999999999999  0.9752506975048375  0.9999999999999999  0.7500138327416467  0.9999999999999999  0.9999999999999999  2.183885709794191e-14
 292  0.9950748384882516  0.9999999999999999  0.9999999999999999  0.9999999999999999  0.7500001284070278  0.9420857987805837  0.9999999999999999  1.8933446403772856e-14
 293  0.9914338173314928  0.9999999999999999  0.9999999999999999  0.9999999999999999  0.7500133834282092  0.9897423833046861  0.9978387194077669  2.898111379392243e-14
 294  0.9999999999999999  0.9999999999999999  0.8935874089859294  0.9999999999999999  0.7499269876985426  0.9150074539627937  0.9917853673017585  40.21585374529714
 295  0.9852963730971257  0.9999999999999999  0.9999999999999324  0.9999999999999999  0.7500004064868144  0.9999999999999626  0.9999999999999999  56.237665890068364
 296  0.9910950791270222  0.9999999999999999  0.9999999999999999  0.9999999999999999  0.7499620057978802  0.9999999999999999  0.992397600876114  1.4542427882898586e-14
 297  0.9918591315079981  0.9999999999999999  0.9999999999999999  0.9999999999999999  0.7500007175672165  0.9999999999999999  0.9999999999999999  7.398666741327833e-14
 298  0.9849292094631868  0.9999999999999999  0.8703370043351482  0.9999999999999999  0.7499981659946873  0.9698907130336684  0.9999999999999999  2.821065417375705e-12
 299  0.9793280347333546  0.9999999999999996  0.9999999999999977  0.9999999999999998  0.7501362894828761  0.9999999999999983  0.9999999999999999  97.57867633074532
 29  0.9999999999999999  0.9999999999999999  0.9436876373663834  0.9999999999999999  0.7421890946789538  0.9759875324457551  0.9921191717691693  2.80430623634596e-12
 2  0.9999999999999999  0.9999999999999999  0.9337638351626161  0.9999999999999999  0.7688013322241365  0.9574729264084781  0.9999999999999999  1.3626878358029995e-12
 300  0.9906759812411713  0.9999999999999991  0.9999999999999992  0.9999999999999999  0.7499893574803992  0.9597559109898555  0.9999999999999999  1.1824889735604695e-13
 30  0.9936331772413167  0.9999999999999999  0.9389785551941325  0.9999999999999999  0.7154184319915479  0.9999999999999998  0.9991951465210774  5.936853383086505e-16
 31  0.990236481026606  0.9999999999999998  0.985332066806286  0.9999999999999999  0.7318982754078825  0.9999999999999998  0.9975282964406581  2.2431345871783323e-17
 32  0.9972791581020436  0.9999999999999999  0.9999999999999999  0.9999999999999999  0.7500128308993493  0.9999999999999999  0.9895420969702545  1.54877273668279e-14
 33  0.997776214890713  0.9999999999999999  0.9999999999999998  0.9999999999999999  0.7688585830817326  0.9657644473577405  0.9993793408687327  1.3399251304084999e-14
 34  0.9962540319339964  0.9999999999999999  0.9999999999999999  0.9999999999999999  0.7499296988167444  0.9999999999999999  0.9899486858777642  1.0817468196534682e-14
 35  0.9999999999999999  0.9592536977505539  0.9999999999999999  0.9999999999999999  0.7500011075011949  0.9999999999999999  0.9953792112134934  4.660435388430285e-15
 36  0.9961706689483343  0.9999999999999999  0.9999999999999999  0.9999999999999999  0.7500244722954116  0.9999999999999999  0.9980283207038102  1.4983067825686014e-14
 37  0.9999999999999983  0.9395238011980305  0.9999999999999997  0.9999999999999991  0.7499997771270396  0.9999999999999999  0.9999999999999999  6.339417239915288e-14
 38  0.9962199116061373  0.9999999999999999  0.9999999999999998  0.9999999999999999  0.751520840056828  0.9711334249408007  0.9915410650131291  2.4046424004567848e-14
 39  0.992021404729534  0.9999999999999999  0.9999999999999992  0.9999999999999998  0.7500254777935852  0.9997074609919131  0.9999999999999999  7.559452457879346
 3  0.9952967314923986  0.9999999999999997  0.9999999999999992  0.9999999999999999  0.7500711886817806  0.9999999999999999  0.9999999999999999  2.759366702293959e-13
 40  0.9971698369927466  0.9999999999999999  0.9642308294839464  0.9999999999999999  0.7460699325347498  0.948160735227223  0.9999999999999999  3.200966692610804e-14
 41  0.9936308734236324  0.9999999999999998  0.9289399305422503  0.9999999999999999  0.7499804059769484  0.9560058597580678  0.998757353991068  2.8053280871268176e-15
 42  0.9963754929571913  0.9999999999999997  0.9999999999999973  0.9999999999999999  0.7499987375772691  0.9932382408870493  0.9943969159681788  2.3428568874703957e-14
 43  0.9999999999999999  0.9999999999999999  0.9999999999999996  0.9999999999999999  0.7500327707979622  0.9999999999999998  0.986287374449971  4.992957117339608e-14
 44  0.9999999999999999  0.9999999999999999  0.9768571129883885  0.9999999999999999  0.750000028802345  0.9306060392363982  0.9999999999999999  3.456959059299372e-13
 45  0.9983156264098492  0.9999999999999998  0.9999999999999998  0.9999999999999999  0.7502012579968844  0.9999999999999999  0.9927635691287418  4.5687731130896154e-14
 46  0.9909607278887406  0.9999999999999993  0.807603121400201  0.9999999999999999  0.7499483728792228  0.9999999999999981  0.9999999999999999  5.667479525274777e-13
 47  0.9922164520614863  0.9999999999999999  0.9999999999999994  0.9999999999999999  0.7500215751978198  0.9999999999999999  0.9992639040960773  1.7551745978168444e-14
 48  0.9942938258938604  0.9999999999999997  0.9999999999999973  0.9999999999999999  0.7499455109470137  0.9736187426533395  0.9999999999999999  2.933558461114689e-12
 49  0.9992443102365751  0.9999999999999997  0.9999999999999978  0.9999999999999999  0.749990452076444  0.9407961412420166  0.9999999999999999  6.250034219417693e-14
 4  0.995623631470652  0.9999999999999999  0.9694129764130779  0.9999999999999999  0.7499982159694317  0.9855166067452912  0.9999999999999999  1.2983290047395109e-13
 50  0.9999999999999998  0.9999999999999999  0.9023731160143316  0.9999999999999999  0.7500814225229291  0.9246025979467881  0.9999999999999999  91.90628167270253
 51  0.9999999999999998  0.9999999999999998  0.9999999999999991  0.9999999999999999  0.7500210751238069  0.9633714725939339  0.9931998688427234  1.6205706959129227e-16
 52  0.9907928502747058  0.9999999999999999  0.5997796482757305  0.9999999999999998  0.7499540001737909  0.991973114287807  0.9999999999999999  1.2688329062848595e-17
 53  0.9999999999999999  0.9999999999999999  0.9552393318033892  0.9999999999999999  0.7783923025061085  0.9650809215081501  0.9952463066732479  1.5446725220762203e-14
 54  0.9896289463137123  0.9999999999999994  0.7423660650832694  0.9999999999999999  0.7499908640255011  0.9999999999999987  0.9999999999999999  12.324209269411451
 55  0.9926582890252506  0.9999999999999997  0.9999999999999997  0.9999999999999999  0.7498873039228012  0.9999999999999996  0.9999999999999999  7.603286441984337e-14
 56  0.9909980048040732  0.9999999999999997  0.9759936504372257  0.9999999999999999  0.7500183183839667  0.9999999999999999  0.9999999999999999  9.353715186692165e-14
 57  0.9999999999999999  0.9999999999999999  0.9683211648320265  0.9999999999999999  0.7500275844960548  0.9374189204080802  0.9999999999999999  4.498717435039281e-13
 58  0.9999999999999999  0.9999999999999993  0.9409750157150287  0.9999999999999999  0.750355796310147  0.9680082884668826  0.9999999999999999  2.576440010495742e-13
 59  0.9999999999999999  0.9999999999999999  0.9443690095482504  0.9999999999999999  0.7491860195023574  0.9367916775868105  0.994462988278666  3.472348804195178e-12
 5  0.9961387340390141  0.9999999999999999  0.9999999999999999  0.9999999999999999  0.7430363359324839  0.9999999999999999  0.9932421677874507  2.854201240134524e-14
 60  0.9999999999999998  0.9999999999999997  0.9999999999999992  0.9999999999999999  0.7499997012672484  0.9639730604718499  0.9905418246946811  5.825858350504716e-16
 61  0.9990533387657399  0.9999999999999999  0.9999999999999999  0.9999999999999999  0.7500113898973322  0.9999999999999993  0.9927790043702703  2.0521098187073212e-14
 62  0.9893324183098842  0.9999999999999999  0.9999999999999999  0.9999999999999999  0.7482063728855461  0.9999999999999999  0.9980836594310462  2.6651169900735786e-15
 63  0.9999999999999998  0.9999999999999998  0.9999999999999997  0.9999999999999999  0.7502929901975686  0.9999999999999983  0.9896141244024124  3.24947538674214e-14
 64  0.9878722658732099  0.9999999999999999  0.9268879086876758  0.9999999999999999  0.7561604437423954  0.9999999999999999  0.9999999999999999  58.98044023816937
 65  0.9967460774890643  0.9999999999999998  0.9999999999999997  0.9999999999999999  0.7392204836405942  0.9680020592844343  0.9960822317490632  3.2581557726635723e-14
 66  0.9983064646307006  0.9999999999999999  0.9999999999999969  0.9999999999999998  0.7499208282075586  0.9580680564695684  0.9999999999999999  7.16723616206979e-13
 67  0.9999999999999999  0.9999999999999999  0.9860965255484969  0.9999999999999999  0.798209573106419  0.9295535426251622  0.9987110567943155  3.793229095360563
 68  0.9999999999999994  0.9999999999999999  0.9999999999999798  0.9999999999999999  0.7499981498424486  0.9579742611061085  0.9999999999999999  23.879138493239683
 69  0.9999999999999998  0.9999999999999999  0.9846018478924189  0.9999999999999999  0.751286771440145  0.9341147715116475  0.9999999999999997  5.669223024013604e-13
 6  0.9930628152791167  0.9999999999999996  0.9999999999999999  0.9999999999999999  0.7464024694151056  0.9999999999999998  0.9988312962199732  5.750276242043489e-17
 70  0.9999999999999999  0.9999999999999999  0.980674058954473  0.9999999999999999  0.712026433275734  0.9803804093909615  0.9959659060878836  4.9668395853155e-12
 71  0.9909292872560276  0.9999999999999997  0.9999999999999994  0.9999999999999999  0.7499998634576136  0.9999999999999747  0.9999999999999999  1.8051907855192852e-14
 72  0.9913771285393582  0.9819992798363933  0.9999999999999964  0.9999999999999994  0.750041977644741  0.9999999999999997  0.9999999999999999  4.6405813605996224e-14
 73  0.9999999999999999  0.9999999999999999  0.9999999999999999  0.9999999999999999  0.7499616279578418  0.9817309799972237  0.9957467657154389  8.827367454387227e-15
 74  0.9983501055636531  0.9999999999999999  0.9072435662431015  0.9999999999999999  0.7499314214884424  0.9067148003418055  0.9999999999999999  5.139209373110372e-13
 75  0.991440100169768  0.9999999999999999  0.9999999999999998  0.9999999999999999  0.7588002283677762  0.987575971246924  0.999681452721338  4.543008647192323e-14
 76  0.9999999999999999  0.9999999999999998  0.9644200339609528  0.9999999999999999  0.7500451922013569  0.9550701284413734  0.9919641981992492  3.704275200407025e-13
 77  0.9999999999999999  0.9999999999999998  0.9999999999999987  0.9999999999999999  0.7500000143062542  0.9808273823235479  0.9888797339054087  3.617098416379654e-14
 78  0.991881642421152  0.9999999999999998  0.9999999999999999  0.9999999999999999  0.7495787828531588  0.9999999999999999  0.9962620289455715  4.080571726567531e-14
 79  0.9941724968333217  0.9999999999999997  0.9999999999999953  0.9999999999999999  0.7500001454886497  0.9411117701815442  0.9999999999999999  7.813467579540463e-13
 7  0.9981849448041454  0.9999999999999994  0.9999999999999997  0.9999999999999999  0.7500000867947983  0.9999999999999997  0.9999999999999999  3.255209198991783e-14
 80  0.9920973042741084  0.9999999999999999  0.9999999999999999  0.9999999999999999  0.7499985739615679  0.9999999999999993  0.9977913030995823  1.5698225521583155e-14
 81  0.9992619604092106  0.9999999999999998  0.9966102114292438  0.9999999999999999  0.7496987500038349  0.9550248614522773  0.9999999999999999  4.950098984604876e-15
 82  0.9999999999999999  0.9999999999999998  0.976036890660061  0.9999999999999999  0.7507508868111366  0.9424139147303933  0.9999999999999999  7.034920233871584e-14
 83  0.9911584602710991  0.9999999999999999  0.8974982910694042  0.9999999999999999  0.7500321177174355  0.9999999999999999  0.9999999999999999  7.823964096866895e-17
 84  0.9894503430705364  0.9999999999999999  0.9999999999999989  0.9999999999999999  0.7500296166342222  0.9999999999999997  0.9999999999999999  10.839207873845746
 85  0.9999999999999999  0.9999999999999998  0.9999999999999991  0.9999999999999999  0.7499999306890528  0.9999999999999999  0.986811802046363  26.377184459711014
 86  0.9999999999999998  0.9999999999999983  0.9999999999999977  0.9809978122154501  0.7502126453771532  0.9871643527152149  0.9999999999999999  7.076786229821953e-13
 87  0.988101640352879  0.9999999999999879  0.9999999999999996  0.9999999999999983  0.7500560658708018  0.9999999999999998  0.9999999999999999  9.580831853402623e-14
 88  0.9938427723788529  0.9999999999999999  0.9999999999999991  0.9999999999999999  0.7499914495703837  0.9896038699875535  0.9999999999999999  5.0410883738639225e-12
 89  0.991958786568684  0.9999999999999998  0.9999999999999994  0.9999999999999999  0.7649827921010718  0.9999999999999999  0.9901558809268617  9.315587157200218e-15
 8  0.9999999999999999  0.9999999999999999  0.9931536722310494  0.9999999999999999  0.7398841119431059  0.9638832062103049  0.9938455585809354  1.330644415465578e-13
 90  0.9939009131462516  0.9999999999999999  0.9999999999999993  0.9999999999999999  0.7218134648685239  0.9999999999999999  0.9902718008529698  2.2789380712754752e-20
 91  0.9902233879336786  0.9999999999999998  0.9999999999999956  0.9999999999999999  0.7499971520318379  0.9999999999999994  0.9999999999999999  7.312973195723448e-14
 92  0.9940224440533832  0.9999999999999998  0.9999999999999999  0.9999999999999999  0.7381864670017105  0.9999999999999998  0.9906775947335419  5.745923744064515e-15
 93  0.9999999999999999  0.9999999999999999  0.9627950428691467  0.9999999999999999  0.7499780722797538  0.9066349952416074  0.9999999999999999  67.16973084644535
 94  0.9924654202662148  0.9999999999999997  0.9999999999999948  0.9999999999999999  0.749999873508044  0.9999999999999993  0.9999999999999999  7.034397399657057
 95  0.9999999999999999  0.9999999999999999  0.9803951570422289  0.9999999999999999  0.7535246747694831  0.9402822285251679  0.9999999999999999  73.448883468701
 96  0.9999999999999999  0.9999999999999999  0.9934888920198095  0.9999999999999999  0.749965568845189  0.9952027191423597  0.9880741444550993  1.423552590096338e-14
 97  0.9999999999999999  0.9999999999999998  0.9485640132910845  0.9999999999999999  0.7492505827493388  0.9634674273724163  0.996147230954664  1.710438594988761e-12
 98  0.9910318204769094  0.9999999999999998  0.9999999999999999  0.9999999999999999  0.7383801775206897  0.9999999999999999  0.9914456716841855  2.0119848934667722e-14
 99  0.9999999999999999  0.9999999999999998  0.999999999999992  0.9999999999999999  0.75003445061466  0.9999999999999998  0.9853334221370421  4.512175204878937
 9  0.9999999999999999  0.9999999999999999  0.999999999999998  0.9999999999999999  0.750000103656224  0.9999999999999999  0.9900247661416904  23.236139090300735
